방문지역,연령대,관광지,서울,부산,대구,인천,광주,대전,울산,세종,경기,강원,충북,충남,전북,전남,경북,경남,제주
강릉,20대,합계(중복제외),30.02,1.59,1.76,5.81,1.04,1.94,0.64,0.3,33.84,10.49,4.2,2.48,1.14,0.87,2.02,1.61,0.24
강릉,20대,강릉교동,25.13,1.62,1.71,4.8,0.84,2.01,0.52,0.27,29.12,21.1,4.73,1.78,0.9,0.83,2.66,1.55,0.43
강릉,20대,강릉역앞,29.57,1.72,1.97,6.95,1.32,2.51,0.64,0.25,33.98,8.99,4.26,2.18,1.07,0.64,2.4,1.47,0.07
강릉,20대,강문해변,36.73,1.18,1.82,5.77,0.85,2.15,0.52,0.27,34.93,5.37,3.37,2.44,1.03,0.58,1.55,1.38,0.06
강릉,20대,경포호,30.08,1.3,1.39,6.17,0.87,1.86,0.67,0.34,37.71,6.28,5.34,2.81,1.16,0.75,1.75,1.34,0.17
강릉,20대,도깨비촬영지,28.07,1.75,1.97,9.21,0.66,1.75,0.66,0,31.8,10.96,4.61,3.95,0.44,1.32,1.1,1.54,0.22
강릉,20대,안목해변,33.91,1.18,1.35,5.66,1.13,1.76,0.55,0.24,35.82,8.09,3.68,1.85,1.11,0.67,1.44,1.39,0.18
강릉,20대,역전상권,29.63,2.23,1.76,6.12,1.06,1.49,0.69,0.27,31.81,14.2,2.55,1.91,1.44,0.74,2.34,1.33,0.43
강릉,20대,영진항,24.84,3.35,4.12,4.89,1.77,2.12,1.08,0.46,30,8.32,3.35,3.31,2.04,2.35,2.73,4.81,0.46
강릉,20대,오죽헌,14.87,0.86,0.65,4.96,0,2.16,0.43,0,28.66,34.05,7.11,1.29,0.65,0.65,2.59,0.86,0.22
강릉,20대,정동진,40.46,1.53,1.53,3.05,0.76,0.76,0,0,32.82,4.58,4.58,3.05,0.76,2.29,3.05,0.76,0
강릉,20대,주문진,27.81,1.96,1.31,6.53,1.44,2.22,0.65,0.13,32.64,10.97,4.57,3.52,0.91,1.17,1.7,1.96,0.52
강릉,20대,중앙로,26.65,1.79,1.87,5.9,0.88,1.79,0.54,0.24,28.33,20.18,3.4,2.25,1.02,0.73,2.62,1.51,0.29
강릉,20대,초당순두부마을,40.26,1.95,2.6,7.79,1.3,1.95,0,0,25.32,7.79,2.6,1.3,2.6,0,3.9,0.65,0
강릉,20대,포남시장,29.52,0.9,1.51,6.63,0.9,1.81,0.9,0.6,31.02,12.65,4.52,2.11,0.9,1.81,1.81,2.11,0.3
강릉,30대,합계(중복제외),31.95,1.61,1.39,5.63,0.8,1.56,0.72,0.67,34.84,10.22,3.33,2.54,0.77,0.71,1.68,1.37,0.22
강릉,30대,강릉교동,27.85,2.3,1.4,5.07,0.79,1.37,0.86,0.57,29.28,19.19,2.66,2.3,0.83,1.08,2.41,1.8,0.25
강릉,30대,강릉역앞,30.94,1.73,1.89,4.49,1.18,1.26,1.02,0.55,33.94,12.44,3.07,3.07,0.87,0.79,1.02,1.34,0.39
강릉,30대,강문해변,36.91,1.29,1.21,5.99,0.69,1.77,0.69,0.95,36.48,5.22,2.85,2.07,0.65,0.6,1.38,1.21,0.04
강릉,30대,경포호,31.85,1.58,1.44,6.14,0.68,1.69,0.98,0.68,38.26,5.09,4.47,2.83,0.68,0.75,1.46,1.26,0.14
강릉,30대,도깨비촬영지,29.07,3.52,0.88,6.61,2.2,2.64,0.44,0.44,36.12,8.81,2.64,0.88,0.88,0.44,3.08,1.32,0
강릉,30대,안목해변,35.45,0.91,1.12,5.89,0.74,1.19,0.28,0.81,36.71,7.61,3.23,2.31,0.74,0.67,1.09,1.16,0.11
강릉,30대,역전상권,29.92,2.08,1.73,5.72,0.52,1.04,1.39,0.52,28.71,17.52,2.86,2.69,0.78,0.78,2.17,1.3,0.26
강릉,30대,영진항,31.47,1.91,1.25,4.63,1.1,1.25,0.29,0.66,34.12,13.01,3.31,2.94,0.96,0.44,1.62,1.03,0
강릉,30대,오죽헌,22.76,0.81,0.81,2.44,0.81,0.81,0,0,26.02,30.08,1.63,0.81,0,0.81,4.88,6.5,0.81
강릉,30대,정동진,39.13,1.45,0,8.7,0,1.45,1.45,0,34.78,5.8,2.9,0,0,0,1.45,2.9,0
강릉,30대,주문진,31.8,2.51,0.7,6.69,0.42,1.39,0.42,0.14,36.12,9.76,3.77,2.51,0.56,0.7,1.81,0.56,0.14
강릉,30대,중앙로,27.92,1.73,1.85,4.5,0.88,1.77,0.85,0.54,32.81,15.85,2.62,2.77,0.69,0.73,2.27,1.69,0.54
강릉,30대,초당순두부마을,36.45,0.93,1.87,7.48,0.93,0,0,0.93,35.51,5.61,3.74,3.74,0,0,1.87,0.93,0
강릉,30대,포남시장,32.28,1.59,1.59,4.76,0.53,2.65,0,0.53,32.28,11.64,2.65,3.17,1.59,1.06,1.59,0,2.12
강릉,40대,합계(중복제외),27.02,1.24,1.43,5.82,0.71,1.56,0.81,0.48,37.59,12.34,3.27,2.31,0.87,0.73,1.92,1.61,0.28
강릉,40대,강릉교동,24.43,1.95,1.87,5.82,0.62,1.7,1.16,0.5,30.58,19.19,2.49,1.66,0.87,1.29,2.7,2.74,0.42
강릉,40대,강릉역앞,26.82,1.71,1.98,5.13,0.45,2.16,1.71,0.18,34.38,13.14,3.06,3.06,0.54,1.17,2.25,2.07,0.18
강릉,40대,강문해변,32.81,1.01,1.58,6.19,0.32,1.96,0.7,0.38,38.94,6.83,2.84,2.34,0.82,0.51,1.64,1.01,0.13
강릉,40대,경포호,28.09,1.29,1.66,6.26,0.9,1.42,0.78,0.78,42.28,5.36,3.85,2.29,0.78,0.81,1.78,1.39,0.27
강릉,40대,도깨비촬영지,22.56,1.22,0.61,10.37,0,1.22,1.83,0,39.02,9.15,5.49,3.66,0.61,0,3.05,1.22,0
강릉,40대,안목해변,30.71,0.66,0.81,4.94,0.58,1.58,0.31,0.66,43.03,7.42,3.51,2.09,0.7,0.31,1.31,1.12,0.27
강릉,40대,역전상권,25.34,1.38,1.59,4.35,0.85,1.17,1.48,0.42,31.07,22.69,3.08,1.7,0.64,1.17,1.38,1.59,0.11
강릉,40대,영진항,23.47,0.62,1.17,6.06,0.78,1.01,0.7,0.47,38.77,17.4,3.03,2.41,1.01,0.39,1.55,1.01,0.16
강릉,40대,오죽헌,27.87,4.92,0,5.74,0,0.82,1.64,0,25.41,17.21,1.64,1.64,3.28,1.64,1.64,5.74,0.82
강릉,40대,정동진,37.96,0.93,0,2.78,0.93,2.78,0.93,0,32.41,7.41,0.93,2.78,3.7,0,3.7,2.78,0
강릉,40대,주문진,22.94,0.8,1.01,7.04,0.7,1.41,0.3,0,40.34,10.56,6.44,2.82,0.91,0.91,2.31,1.01,0.5
강릉,40대,중앙로,23.71,1.75,1.83,4.6,0.94,1.79,1.22,0.33,29.53,21.67,2.69,2.53,1.02,1.06,2.32,2.69,0.33
강릉,40대,초당순두부마을,41.1,1.37,1.37,4.11,2.74,0,0,0,31.51,5.48,2.74,0,2.74,0,0,5.48,1.37
강릉,40대,포남시장,28.38,4.73,0.68,4.73,1.35,3.38,1.35,0.68,27.7,18.24,0.68,2.7,1.35,0.68,0.68,2.7,0
강릉,50대,합계(중복제외),26.38,1.95,1.54,5.97,0.76,1.81,0.91,0.37,34.86,13.02,3.32,2.29,1.09,0.94,2.54,1.94,0.31
강릉,50대,강릉교동,23.54,2.4,1.64,5.79,0.76,2.02,0.87,0.38,29.55,19.77,2.24,2.29,1.64,0.98,3.22,2.62,0.27
강릉,50대,강릉역앞,26.01,3.3,1.65,6.4,0.52,1.55,0.93,0.21,30.44,16.41,2.58,1.34,1.03,1.75,2.89,2.68,0.31
강릉,50대,강문해변,32.16,1.11,1.92,6.15,0.3,2.42,0.5,0.71,37.1,7.16,3.43,2.02,1.01,0.81,1.61,1.21,0.4
강릉,50대,경포호,28.84,1.63,1.93,6.89,1.16,1.97,1.24,0.51,38.04,4.28,3.55,2.52,1.2,0.94,2.57,2.57,0.17
강릉,50대,도깨비촬영지,26.72,2.29,2.29,9.16,0,2.29,1.53,0,37.4,7.63,3.05,1.53,1.53,0,1.53,3.05,0
강릉,50대,안목해변,31.48,1.63,1.26,6.31,1.07,1.35,0.56,0.14,39.33,7.1,3.27,2.1,0.79,0.7,1.73,1.03,0.14
강릉,50대,역전상권,24.04,1.5,1.23,5.46,0.55,1.23,1.23,0.27,26.23,25.96,3.42,2.05,1.37,0.41,2.6,1.78,0.68
강릉,50대,영진항,24.78,1.75,1.31,4.45,0.7,1.75,0.96,0.26,36.91,16.49,3.14,2.62,0.61,0.44,2.18,1.48,0.17
강릉,50대,오죽헌,21.37,1.53,1.53,7.63,0.76,0.76,1.53,1.53,29.77,22.14,1.53,2.29,3.05,0,0.76,3.82,0
강릉,50대,정동진,32.5,4.17,2.5,8.33,0.83,4.17,0,0,31.67,3.33,1.67,3.33,2.5,0,5,0,0
강릉,50대,주문진,20.61,2.09,1.57,5.83,0.52,1.57,0.87,0.09,41.91,11.74,5.91,2,0.78,1.13,2,1.39,0
강릉,50대,중앙로,24.16,2.49,1.58,5.89,0.57,1.96,1,0.33,26.12,21.82,2.25,2.3,1.34,1.63,3.4,2.34,0.81
강릉,50대,초당순두부마을,30.43,2.9,2.9,4.35,0,4.35,0,0,24.64,18.84,2.9,4.35,1.45,0,2.9,0,0
강릉,50대,포남시장,21.58,4.32,2.88,5.04,0.72,2.16,0,0,25.18,24.46,2.16,2.88,0,0.72,1.44,4.32,2.16
강릉,60대 이상,합계(중복제외),27.2,2.29,1.57,5.04,0.77,1.46,0.68,0.29,30.37,18.77,3.51,1.94,1.16,0.88,2.18,1.59,0.3
강릉,60대 이상,강릉교동,26.78,3.08,2.05,4.45,0.77,1.54,0.94,0.26,24.12,23.44,2.22,2.4,1.71,1.2,2.99,1.71,0.34
강릉,60대 이상,강릉역앞,24.93,2.9,1.93,4.44,0.29,1.55,1.45,0.19,23.09,28.6,2.9,1.84,1.35,1.16,1.74,1.45,0.19
강릉,60대 이상,강문해변,34.15,2.07,1.34,5.73,0.98,2.44,0.37,0.24,32.07,10.24,3.29,2.07,1.83,0.37,1.95,0.85,0
강릉,60대 이상,경포호,30.53,2.33,1.82,5.85,1.08,1.87,0.57,0.57,35.47,6.02,4.77,2.72,1.36,1.14,2.1,1.7,0.11
강릉,60대 이상,도깨비촬영지,34.88,2.91,0,5.81,1.16,1.16,0.58,0,30.23,9.88,2.33,1.74,0.58,0,2.91,4.65,1.16
강릉,60대 이상,안목해변,32.05,2.85,1.27,6.44,1.06,1.69,0.53,0.05,35.8,8.18,3.12,1.58,0.95,0.9,1.58,1.53,0.42
강릉,60대 이상,역전상권,25.81,1.61,1.91,4.4,0.73,0.59,1.03,0.15,22.73,30.35,2.35,2.05,0.73,1.17,2.05,2.2,0.15
강릉,60대 이상,영진항,26.17,1.66,1.06,4.54,0.91,1.06,0.91,0.38,32.68,19.82,3.71,2.04,0.76,0.45,2.34,1.13,0.38
강릉,60대 이상,오죽헌,35.9,2.56,1.28,3.85,0,2.56,1.28,1.28,19.23,24.36,0,1.28,1.28,2.56,0,1.28,1.28
강릉,60대 이상,정동진,34.09,3.03,4.55,9.09,1.52,3.79,1.52,0,24.24,0.76,4.55,0.76,1.52,2.27,4.55,3.79,0
강릉,60대 이상,주문진,24.32,2.09,1.3,4.04,0.46,1.04,0.33,0.26,37.22,15.58,6.32,1.96,0.91,0.39,1.56,1.96,0.26
강릉,60대 이상,중앙로,20.93,2.25,2.21,3.57,0.38,1.6,0.75,0.33,19.1,38.57,2.16,1.83,1.13,1.03,2.35,1.36,0.47
강릉,60대 이상,초당순두부마을,45.31,1.56,3.13,6.25,1.56,0,0,0,21.88,9.38,3.13,3.13,0,0,1.56,1.56,1.56
강릉,60대 이상,포남시장,23.85,2.75,2.75,5.5,0,0,0,0,30.28,18.35,1.83,0.92,0,2.75,5.5,3.67,1.83
경주,20대,합계(중복제외),14.09,13.9,12.55,2.8,2.02,2.37,8.22,0.43,13.59,1.44,1.84,1.89,1.41,1.78,12.22,9.19,0.27
경주,20대,경주박물관,25.68,6.08,14.86,2.7,0.68,2.03,2.03,0,25,1.35,3.38,2.03,0.68,1.35,6.08,4.73,1.35
경주,20대,경주시내,15.98,9.27,13.15,3.48,1.91,2.25,7.97,0.37,15.09,1.33,1.77,2.15,1.57,1.57,13.42,8.25,0.48
경주,20대,교촌마을,17.46,11.98,12.69,3.63,1.82,3.49,5.59,0.65,16.72,1.45,1.9,2.21,1.42,1.42,9.03,8.29,0.23
경주,20대,"김유신묘,벚꽃길",11.51,11.19,14.71,2.16,1.6,1.92,9.91,0.56,10.79,1.76,1.92,1.68,1.28,1.84,18.07,8.79,0.32
경주,20대,대릉원,21.43,0,7.14,0,0,7.14,14.29,0,28.57,0,0,14.29,0,0,7.14,0,0
경주,20대,동궁과월지,22.22,6.17,9.88,1.23,2.47,2.47,6.17,0,25.93,1.23,1.23,0,0,3.7,12.35,4.94,0
경주,20대,보문단지,14.2,15.15,11.98,2.67,2.18,2.41,8.35,0.44,13.36,1.42,1.87,1.82,1.47,1.97,10.76,9.71,0.25
경주,20대,불국사석굴암,13.94,12.69,13.75,3.18,2.46,1.93,10.13,0.48,14.91,2.07,1.78,2.46,1.5,1.3,9.26,8.01,0.14
경주,20대,양남주상절리,4.81,8.65,13.46,3.85,1.92,0,25.96,0,9.62,0,0.96,0.96,1.92,1.92,18.27,7.69,0
경주,20대,양동마을,12.31,4.62,18.46,1.54,0,3.08,9.23,1.54,9.23,1.54,0,0,1.54,0,32.31,4.62,0
경주,20대,엑스포공원,16.55,10.62,13.87,2.67,1.88,2.17,10.84,0.58,13.15,1.16,1.37,1.59,1.37,1.01,12.93,8.09,0.14
경주,20대,태종무열왕릉,17.05,12.41,10.79,3.48,1.51,1.86,5.22,0.58,17.4,1.86,2.67,2.32,1.86,2.9,8.35,9.63,0.12
경주,20대,포석정,15.34,12.7,14.02,4.5,1.32,1.06,7.14,0.53,17.72,2.91,1.06,2.12,1.32,2.12,7.94,7.94,0.26
경주,20대,풍산벚꽃길,7.46,7.23,13.15,1.84,0.24,1.42,6.04,0.3,7.52,1.66,1.3,1.78,1.01,0.89,43.48,4.32,0.36
경주,20대,황리단길,26.79,4.22,4.64,6.33,2.32,4.22,1.69,0.63,28.69,2.53,2.53,3.59,2.53,1.27,3.38,4.43,0.21
경주,30대,합계(중복제외),15.31,14.29,11.63,2.46,1.77,2.29,9.17,0.88,15.15,1.19,1.78,2.31,1.06,1.31,10.75,8.43,0.23
경주,30대,경주박물관,21.08,13.25,2.41,4.82,2.41,4.22,3.61,1.81,19.28,1.2,3.61,2.41,0.6,3.01,9.04,7.23,0
경주,30대,경주시내,17.71,9.24,9.71,2.48,2.57,2.57,8.19,0.48,18.67,1.24,1.71,2.29,0.76,1.05,12.95,8.1,0.29
경주,30대,교촌마을,19.45,12.48,9.66,3.3,2.26,2.64,5.75,1.22,18.84,1.37,1.79,3.11,1.37,1.04,7.25,7.96,0.52
경주,30대,"김유신묘,벚꽃길",9.61,14.41,13.35,0.71,0.71,2.31,16.01,0.53,10.32,1.25,1.25,2.31,0.18,0.71,18.15,7.83,0.36
경주,30대,대릉원,33.33,0,0,33.33,0,0,0,0,33.33,0,0,0,0,0,0,0,0
경주,30대,동궁과월지,32.61,6.52,6.52,2.17,0,4.35,2.17,0,17.39,2.17,0,2.17,0,2.17,4.35,17.39,0
경주,30대,보문단지,15.83,14.85,11.37,2.51,1.83,2.38,9.04,0.92,15.59,1.22,1.78,2.3,1.12,1.4,9.13,8.53,0.2
경주,30대,불국사석굴암,14.44,13.93,11.96,2.18,1.93,1.93,11.25,0.81,15.4,1.27,1.67,2.63,1.01,1.27,9.37,8.51,0.46
경주,30대,양남주상절리,1.33,13.33,13.33,4,0,1.33,32,0,2.67,5.33,0,1.33,0,1.33,13.33,10.67,0
경주,30대,양동마을,8.21,14.93,13.43,0.75,0.75,0,19.4,0.75,1.49,1.49,0.75,0.75,0,0,28.36,8.21,0.75
경주,30대,엑스포공원,17.26,15.13,12.31,2.56,1.39,1.81,10.76,0.75,13.8,1.01,1.39,2.4,0.69,1.12,9.06,8.47,0.11
경주,30대,태종무열왕릉,22.31,12.07,7.61,3.41,2.36,1.57,4.72,0.52,23.62,1.57,2.62,0.52,0.52,1.05,7.09,8.14,0.26
경주,30대,포석정,22.37,13.24,9.59,3.65,0.91,0.91,11.42,0,15.98,0.46,0,3.2,1.37,0.91,7.76,8.22,0
경주,30대,풍산벚꽃길,6.3,6.01,14.52,0.93,0.58,1.75,6.82,0.76,6.76,0.93,2.22,1.98,0.35,0.58,44.55,4.55,0.41
경주,30대,황리단길,27.92,6.67,5,2.5,1.25,1.67,2.5,0.83,28.33,2.92,5.42,2.5,1.25,0.83,3.33,5.83,1.25
경주,40대,합계(중복제외),14.06,13.95,11.51,2.67,1.57,2.27,9.26,0.87,17.02,1.24,1.3,1.93,1.14,1.11,12.38,7.5,0.21
경주,40대,경주박물관,20.8,7.2,7.2,5.2,3.2,2.8,5.6,0.8,28.8,3.2,0.8,1.6,2,0.8,4.8,5.2,0
경주,40대,경주시내,11.42,10.69,14.49,1.9,1.61,2.49,10.25,0.73,14.35,1.9,0.88,1.46,0.88,1.02,19.33,6.44,0.15
경주,40대,교촌마을,18.34,11.49,10.05,3.5,1.83,2.05,5.63,1.37,24.05,1.6,1.67,2.36,1.45,0.84,6.32,7.38,0.08
경주,40대,"김유신묘,벚꽃길",8.57,8.14,16.7,1.71,0.21,1.28,16.92,1.5,10.71,1.28,1.28,1.71,0,1.28,20.99,7.28,0.43
경주,40대,대릉원,18.18,18.18,0,0,0,0,18.18,0,9.09,9.09,0,0,0,0,27.27,0,0
경주,40대,동궁과월지,26.09,0,8.7,4.35,0,4.35,4.35,0,34.78,0,0,0,4.35,0,4.35,8.7,0
경주,40대,보문단지,15.17,14.69,11.01,2.86,1.7,2.36,8.93,0.94,18.28,1.26,1.32,1.96,1.26,1.15,9.06,7.84,0.23
경주,40대,불국사석굴암,16.56,12.73,11.97,2.51,2.13,2.57,13.22,0.66,16.56,1.75,1.09,1.91,0.82,1.37,7.6,6.5,0.05
경주,40대,양남주상절리,1.33,13.33,16,1.33,0,2.67,33.33,0,9.33,0,2.67,1.33,1.33,2.67,10.67,4,0
경주,40대,양동마을,8.66,12.6,12.6,2.36,0,2.36,9.45,0,3.94,0,0,3.15,0.79,0.79,39.37,3.94,0
경주,40대,엑스포공원,15.32,16.86,12.54,2.37,1.44,1.54,12.44,0.67,14.19,0.67,0.62,1.34,1.23,0.57,10.49,7.56,0.15
경주,40대,태종무열왕릉,17.73,8.64,7.27,2.27,1.82,4.09,10.45,2.27,21.36,2.73,0.91,2.27,0.45,1.36,7.73,8.64,0
경주,40대,포석정,18.06,14.19,6.45,3.87,1.94,1.29,10.32,0,14.19,3.23,4.52,4.52,0.65,1.29,11.61,3.23,0.65
경주,40대,풍산벚꽃길,4.18,5.34,12.89,1.29,0.17,1.16,5.78,0.39,6.29,0.91,0.91,1.42,0.6,0.6,53.97,4.01,0.09
경주,40대,황리단길,32.65,4.08,4.08,2.04,2.04,2.04,4.08,0,33.67,0,1.02,1.02,0,3.06,5.1,4.08,1.02
경주,50대,합계(중복제외),11.89,11.84,12.95,2.4,1.1,2.1,11.84,0.41,14.06,1.4,1.53,1.58,0.93,1.19,17.48,7.08,0.21
경주,50대,경주박물관,18.18,11.11,10.1,8.08,2.02,2.02,4.04,2.02,15.15,1.01,2.02,9.09,1.01,0,6.06,8.08,0
경주,50대,경주시내,11.64,9.05,19.61,1.94,0.22,0.86,12.72,0.86,10.99,1.51,1.29,1.72,0.43,1.08,20.26,5.39,0.43
경주,50대,교촌마을,17.86,11.39,12.59,5.44,2.04,1.7,5.78,0.51,18.2,1.19,3.06,1.53,1.36,1.7,8.84,6.8,0
경주,50대,"김유신묘,벚꽃길",7.96,12.11,17.99,2.42,0,2.08,10.38,0.35,10.38,1.04,1.73,1.38,1.38,1.38,21.11,7.96,0.35
경주,50대,대릉원,0,0,50,0,0,0,0,0,0,0,0,0,0,0,50,0,0
경주,50대,동궁과월지,42.86,0,14.29,0,0,0,0,0,0,0,0,0,0,0,14.29,28.57,0
경주,50대,보문단지,13.47,12.65,12.53,2.49,1.24,2.35,12.21,0.44,15.83,1.53,1.64,1.78,0.99,1.34,11.95,7.31,0.24
경주,50대,불국사석굴암,12.05,13.18,11.49,2.54,1.76,2.11,19.73,0.28,13.18,1.76,1.69,1.41,0.92,1.2,7.75,8.67,0.28
경주,50대,양남주상절리,5.63,15.49,14.08,2.82,2.82,0,26.76,0,9.86,0,0,0,1.41,0,12.68,8.45,0
경주,50대,양동마을,8.74,4.85,8.74,0.97,0,1.94,11.65,0,5.83,0,0.97,0.97,1.94,0.97,47.57,4.85,0
경주,50대,엑스포공원,12.29,16.27,16.68,2.12,0.57,2.6,13.26,0.16,13.83,1.3,0.9,0.9,0.98,0.41,9.52,8.14,0.08
경주,50대,태종무열왕릉,14.29,13.57,12.14,4.29,0,2.86,5,1.43,17.14,0,2.86,4.29,0,0.71,13.57,7.86,0
경주,50대,포석정,7.96,13.27,12.39,1.77,2.65,0,13.27,0,15.93,0.88,2.65,1.77,0.88,0.88,15.93,9.73,0
경주,50대,풍산벚꽃길,2.79,4.61,12.19,1.36,0.25,0.96,5.36,0.21,5.65,0.86,0.68,0.75,0.29,0.54,58.83,4.47,0.21
경주,50대,황리단길,30.23,9.3,13.95,2.33,2.33,2.33,2.33,0,20.93,6.98,0,2.33,2.33,0,2.33,2.33,0
경주,60대 이상,합계(중복제외),13.19,14.12,12.58,2.07,0.97,1.66,9.23,0.29,12.57,1.43,1.56,1.52,0.95,0.95,20.26,6.48,0.17
경주,60대 이상,경주박물관,21.6,11.11,8.02,4.32,3.09,1.85,4.32,0,16.67,3.09,3.09,1.23,0.62,0,10.49,9.88,0.62
경주,60대 이상,경주시내,10.63,9.76,14.97,2.17,0.22,1.08,12.58,0,11.06,0.87,0.87,2.82,0.87,0.65,25.38,5.86,0.22
경주,60대 이상,교촌마을,16.91,13.24,14.56,3.38,0.74,2.5,5,0.59,16.32,2.21,2.65,2.06,1.62,1.32,9.85,6.91,0.15
경주,60대 이상,"김유신묘,벚꽃길",13.17,16.05,18.52,0.41,0.82,1.65,5.76,0.41,9.05,1.65,1.23,0.82,0.41,0.82,21.81,7,0.41
경주,60대 이상,대릉원,28.57,0,28.57,0,0,0,0,0,14.29,0,0,0,0,0,14.29,14.29,0
경주,60대 이상,동궁과월지,0,0,10,10,0,20,10,0,20,0,0,0,0,0,30,0,0
경주,60대 이상,보문단지,15.71,15.27,12.42,2.38,1.15,1.91,8.95,0.35,14.66,1.62,1.75,1.71,1.14,1.02,12.91,6.87,0.17
경주,60대 이상,불국사석굴암,12.46,14.63,12.52,2.18,1.38,1.91,20.63,0.26,10.94,0.92,2.04,1.78,0.79,1.05,8.31,8.11,0.07
경주,60대 이상,양남주상절리,11.36,9.09,11.36,0,0,0,29.55,0,9.09,0,0,2.27,0,6.82,15.91,4.55,0
경주,60대 이상,양동마을,6.87,6.87,7.63,0.76,0.76,2.29,4.58,0,4.58,1.53,1.53,0,0,1.53,55.73,5.34,0
경주,60대 이상,엑스포공원,16.13,18.57,13.78,1.6,0.76,1.43,10.08,0.17,12.35,0.76,1.34,1.43,0.59,1.01,11.51,8.4,0.08
경주,60대 이상,태종무열왕릉,9.42,16.67,9.42,2.17,1.45,0,7.97,0,17.39,2.17,0.72,0.72,2.17,2.17,17.39,9.42,0.72
경주,60대 이상,포석정,7.28,26.49,17.22,1.99,0,0,13.25,0,7.28,1.32,1.32,2.65,0,0,11.26,9.27,0.66
경주,60대 이상,풍산벚꽃길,3.55,5.85,10.56,0.69,0.09,0.59,4.83,0.16,3.77,0.9,0.47,0.59,0.25,0.4,64.25,2.9,0.16
경주,60대 이상,황리단길,16.67,10,13.33,3.33,0,3.33,6.67,0,20,3.33,6.67,0,0,0,10,6.67,0
부산,20대,합계(중복제외),18.42,0,8.76,3.31,2.39,2.42,7.56,0.45,16.36,1.13,1.75,2.01,1.58,2.66,6.35,24.04,0.82
부산,20대,감천문화마을,29.31,0,6.9,1.72,0,3.45,1.72,0,27.59,0,0,5.17,0,5.17,3.45,15.52,0
부산,20대,"경성대,부경대역인근",7.71,0,7.24,1.46,0.91,1.32,13.66,0.25,6.14,1.23,1,1.12,0.89,2.85,9.56,43.24,1.41
부산,20대,광안리,19.83,0,9.77,4.02,2.78,2.9,5.43,0.56,19.04,1.17,2.01,2.21,1.84,2.73,6.1,18.93,0.68
부산,20대,국제시장.깡통시장,17.27,0,6.23,2.99,2.52,2.19,7.41,0.25,15.8,1.27,1.92,2.21,1.74,2.61,5.76,28.68,1.16
부산,20대,"남포동,광복동",16.98,0,7.83,3.32,2.46,2.36,6.66,0.38,15.51,1.33,2,1.94,1.52,3.07,6.7,26.87,1.06
부산,20대,다대포,12.94,0,9.3,1.95,1.95,1.64,6.85,0.39,10.32,1.1,1.24,1.55,1.13,1.8,6.82,40.29,0.73
부산,20대,대연역인근,12.52,0,6.66,2.2,1.5,1.7,10.95,0.33,10.35,1.56,1.33,1.8,1.33,3.99,8.09,34.05,1.63
부산,20대,동부산관광단지,12.78,0,9.95,2.28,1.17,1.56,16.51,0.33,13.12,0.67,1.28,1.56,1.5,2,7.28,27.02,1
부산,20대,렛츠런파크,5.48,0,4.5,2.54,1.76,0.98,5.48,0,5.48,1.57,0.39,2.15,0.2,0.98,6.26,61.64,0.59
부산,20대,미포.달맞이,25.84,0,9.95,3.68,2.28,2.41,6.38,0.4,19.32,1.08,1.71,1.53,1.45,2.16,5.06,16.23,0.52
부산,20대,범어사,9.21,0,4.28,2.36,1.28,1.93,8.14,0,10.49,1.93,2.14,1.5,2.36,3.64,5.78,43.68,1.28
부산,20대,보수동,21.57,0,6.61,3.49,2.24,1.87,6.73,0.37,18.45,1.25,2.12,2.24,1.25,1.5,3.37,25.44,1.5
부산,20대,부산박물관,13.74,0,3.82,1.53,0.76,1.53,9.92,0,9.16,1.53,0.76,0.76,3.05,1.53,8.4,42.75,0.76
부산,20대,부산시민공원,11.98,0,3.27,1.24,1.24,2.33,9.64,0.62,7.78,1.56,0.93,1.56,1.24,2.64,6.22,46.97,0.78
부산,20대,부산역,20.9,0,11.06,3.69,1.38,3.73,4.63,0.67,22.42,0.99,2.39,3.3,1.07,1.8,5.84,15.6,0.54
부산,20대,"부전,서면역",15.48,0,5.65,3.26,1.59,1.93,11.36,0,11.16,1.4,1.4,1.4,1.26,2.79,7.18,33.16,1
부산,20대,서면역,12.29,0,5.85,2.32,1.5,1.46,10.05,0.28,10.3,1.17,1.28,1.3,1.23,2.86,6.68,40.21,1.21
부산,20대,센텀시티,20.82,0,6.41,2.11,2.32,2.42,9.57,0.56,12.48,0.65,1.25,1.53,1.39,2.37,6.13,29.04,0.93
부산,20대,송도해수욕장,20.51,0,10.85,2.75,2.21,2.43,5.18,0.27,16.68,0.81,1.51,1.62,1.3,2.27,7.34,23.53,0.76
부산,20대,송정,16.98,0,10.06,2.83,2.47,2.42,10.16,0.43,14.18,0.88,1.46,1.92,1.46,2.14,6.36,25.66,0.6
부산,20대,수영만,28.01,0,7.26,3.68,2.7,3.38,4.41,0.86,22.14,1.48,1.86,2.76,1.48,2.57,4.05,13.04,0.32
부산,20대,안데르센동화마을,4.04,0,3.53,0.76,0.5,0.5,58.54,0.17,5.97,0.59,0.5,1.09,0.59,0.76,14.47,7.74,0.25
부산,20대,영도상권,15.66,0,8.52,2.62,2.62,1.72,8.44,0.33,16.89,1.39,1.97,2.46,1.48,5.16,6.72,22.13,1.89
부산,20대,용두산.중앙역,18.46,0,9.44,3.25,1.88,2.43,6.92,0.46,16.17,0.82,1.92,1.65,1.42,3.16,5.91,25.06,1.05
부산,20대,을숙도,19.44,0,5.56,0,0,2.78,5.56,0,8.33,0,0,0,1.39,0,6.94,50,0
부산,20대,이기대공원,19.68,0,8.71,4.68,1.29,2.9,5.32,0.48,20.65,1.29,2.26,2.9,0.81,3.39,5.48,19.52,0.65
부산,20대,자갈치시장,19.09,0,6.63,3.63,2.66,2.15,5.72,0.51,18.13,1.47,1.87,2.1,1.59,3.51,6.63,23,1.3
부산,20대,태종대,15.34,0,10.13,3.33,2.89,2.17,7.53,0.58,17,1.45,2.53,2.24,2.24,4.99,6.87,19.68,1.01
부산,20대,해양박물관,12.96,0,8.02,2.22,3.58,1.36,9.75,0.62,13.33,1.36,1.85,1.98,1.6,7.04,4.94,28.02,1.36
부산,20대,해운대,24.45,0,8.46,4.21,3.29,2.92,5.24,0.48,21.67,1.18,2.06,2.53,2.03,2.49,5.47,12.77,0.74
부산,20대,흰여울문화마을,46.15,0,0,7.69,0,0,15.38,0,0,0,0,0,0,7.69,0,15.38,7.69
부산,30대,합계(중복제외),24.12,0,7.42,3.36,2.02,2.14,6.33,0.81,18.66,1.02,1.49,2.1,1.31,1.85,5.3,21.44,0.61
부산,30대,감천문화마을,18.75,0,6.25,6.25,0,0,0,0,12.5,0,12.5,0,6.25,6.25,6.25,25,0
부산,30대,"경성대,부경대역인근",19.48,0,4.99,1.61,0.81,1.61,5.8,0.16,12.56,1.45,0.64,1.61,0.97,1.29,7.41,38.65,0.97
부산,30대,광안리,27,0,6.53,3.8,2.46,2.51,4.92,0.9,22.08,1.1,1.74,2.49,1.6,1.64,4.53,16.09,0.62
부산,30대,국제시장.깡통시장,24.92,0,6.05,3.9,1.81,1.64,5.42,0.73,18.42,1.58,1.53,1.86,1.13,1.86,4.12,23.95,1.07
부산,30대,"남포동,광복동",25.14,0,6.23,3.61,2.08,2.04,4.73,0.74,18.4,1.23,1.57,1.97,1.27,1.77,4.84,23.47,0.9
부산,30대,다대포,10.42,0,9.5,1.68,0.65,1.17,5.81,0.49,8.74,1.03,1.03,1.47,0.65,0.9,4.99,50.87,0.6
부산,30대,대연역인근,20.68,0,7.55,3.24,1.35,1.08,5.76,1.17,15.92,1.17,1.08,1.8,0.81,2.7,6.83,28.15,0.72
부산,30대,동부산관광단지,16.91,0,10.14,1.81,0.9,1.61,12.46,0.45,12.52,0.97,1.03,1.94,1.23,1.55,7.94,28.47,0.06
부산,30대,렛츠런파크,7.71,0,2.71,1.43,1.14,0.71,4.86,0.57,7,0,0.71,1.29,0.71,1.14,2.57,67.14,0.29
부산,30대,미포.달맞이,27.66,0,8.05,3.43,1.74,1.84,7.5,0.62,19.84,0.74,1.39,1.39,1.37,1.59,4.84,17.53,0.47
부산,30대,범어사,14.53,0,3.35,2.23,0.84,0.84,10.06,0.84,10.89,1.12,0.28,1.96,0.28,1.4,4.47,46.09,0.84
부산,30대,보수동,21.46,0,5.12,3.66,1.22,1.22,6.34,0.49,18.54,1.71,0.73,1.71,1.22,1.71,6.1,27.8,0.98
부산,30대,부산박물관,16.25,0,2.5,3.75,0,3.75,1.25,0,13.75,1.25,0,1.25,0,5,6.25,43.75,1.25
부산,30대,부산시민공원,15.2,0,3.43,1.47,0.49,2.21,7.35,0.98,10.29,1.23,2.21,1.72,0.74,0.98,5.39,45.59,0.74
부산,30대,부산역,31.54,0,6.32,3.75,0.94,2.36,3.67,0.97,23.52,0.79,1.73,2.65,0.79,1.26,4.06,15.02,0.63
부산,30대,"부전,서면역",21.91,0,5.29,2.5,2.06,1.91,5.88,0.44,14.71,1.62,1.32,1.76,0.74,1.47,5.29,32.35,0.74
부산,30대,서면역,20.61,0,4.82,2.87,1.03,1.51,6.86,0.53,13.73,0.86,1.01,1.56,0.94,1.58,5.43,35.61,1.06
부산,30대,센텀시티,23.39,0,5.39,2.76,1.49,2.39,8.02,0.68,15.33,0.96,1.08,1.61,0.96,1.7,5.02,28.5,0.71
부산,30대,송도해수욕장,20.64,0,8.07,3.43,1.71,1.71,4.57,0.86,18.71,1.29,1.57,1.5,0.93,1.29,4.79,28.64,0.29
부산,30대,송정,18.16,0,8.7,2.66,1.76,2.08,10.88,0.51,16.1,0.87,1.43,1.86,1.3,1.65,5.85,25.88,0.32
부산,30대,수영만,30.03,0,7.01,3.14,2.56,2.71,4.64,1.54,19.43,1.22,1.81,3.3,1.27,2.01,5.22,13.52,0.59
부산,30대,안데르센동화마을,4.2,0,4.85,1.12,0.56,0.56,47.01,0.47,7.37,0.84,0.84,1.03,0.84,1.77,14.65,13.62,0.28
부산,30대,영도상권,22.36,0,4.3,2.95,2.09,1.47,5.04,0.74,18.43,1.6,1.6,2.09,0.86,3.56,5.16,27.03,0.74
부산,30대,용두산.중앙역,25.91,0,5.32,4.05,1.77,1.27,5.99,1.01,16.46,1.1,1.27,1.77,1.52,2.7,3.97,24.98,0.93
부산,30대,을숙도,9.09,0,6.49,2.6,0,3.9,6.49,0,6.49,2.6,0,2.6,0,2.6,6.49,50.65,0
부산,30대,이기대공원,25.61,0,8.54,2.2,1.46,2.93,6.83,0.98,19.27,0.49,1.22,2.2,0.24,1.71,2.68,22.93,0.73
부산,30대,자갈치시장,23.93,0,5.79,6.01,2.84,1.2,3.83,0.87,23.06,1.42,1.42,2.51,1.64,1.42,3.72,19.45,0.87
부산,30대,태종대,17.59,0,9.48,3.45,2.24,2.59,6.38,1.21,17.93,1.38,1.55,0.86,1.55,3.45,7.07,22.24,1.03
부산,30대,해양박물관,15.56,0,6.67,2.22,1.11,1.11,3.33,0,14.44,2.22,0,0.56,0.56,2.78,5.56,43.33,0.56
부산,30대,해운대,30.77,0,8.16,4.14,2.96,2.47,3.91,0.91,22.7,1.1,1.77,2.36,1.6,2.07,4.8,9.74,0.54
부산,30대,흰여울문화마을,33.33,0,6.67,0,6.67,0,13.33,0,20,6.67,0,0,0,6.67,0,6.67,0
부산,40대,합계(중복제외),19.81,0,7.26,3.28,1.82,2.23,7,0.84,20.42,1.08,1.32,1.97,1.27,1.93,5.11,23.83,0.82
부산,40대,감천문화마을,29.41,0,5.88,0,0,5.88,5.88,0,5.88,0,0,0,0,0,5.88,41.18,0
부산,40대,"경성대,부경대역인근",12.86,0,4.43,1.77,1.11,1.33,10.42,0.44,13.3,1.33,0.44,1.55,1.11,1.11,4.88,43.02,0.89
부산,40대,광안리,22.46,0,8.14,4.19,2.19,2.48,3.82,0.71,24.6,1.04,1.66,2.53,1.52,2.16,4.49,17.09,0.9
부산,40대,국제시장.깡통시장,17.46,0,5.27,3.69,2.11,0.9,7,0.38,19.41,1.5,1.05,2.11,1.28,1.96,4.36,30.4,1.13
부산,40대,"남포동,광복동",17.45,0,5.2,3.83,1.37,1.75,6.39,0.91,19.73,1.04,1.04,1.62,0.96,2.08,5.1,30.21,1.32
부산,40대,다대포,9.34,0,10.18,1.6,0.61,0.95,5.56,0.5,9.64,0.84,0.8,0.91,0.84,1.18,5.22,51.18,0.65
부산,40대,대연역인근,16.98,0,4.24,2.57,0.79,0.99,6.81,0.89,19.64,0.89,1.28,2.57,0.99,3.36,4.34,32.28,1.38
부산,40대,동부산관광단지,12.96,0,8.21,2.37,1.36,2.71,14.93,0.47,14.18,0.61,1.22,1.76,0.95,0.88,6.58,30.33,0.47
부산,40대,렛츠런파크,5.15,0,4.16,1.86,1.1,0.88,4.05,0.22,8.65,0.33,1.1,0.66,1.1,0.66,2.52,66.81,0.77
부산,40대,미포.달맞이,24.77,0,9,2.73,1.6,1.98,6.64,0.93,21.36,1.05,1.3,1.22,1.09,1.35,4.84,19.6,0.55
부산,40대,범어사,8.15,0,3.22,1.07,1.29,1.29,8.8,0.86,10.09,0.86,1.29,1.29,0.43,0.21,4.29,55.79,1.07
부산,40대,보수동,14.99,0,4.92,3.04,1.17,0.94,8.43,0.47,18.97,0.94,0.23,2.58,0.7,2.34,4.45,34.66,1.17
부산,40대,부산박물관,17.19,0,4.69,4.69,0,1.56,10.94,0,10.94,3.13,0,7.81,0,3.13,9.38,25,1.56
부산,40대,부산시민공원,13.87,0,4.97,2.36,1.83,0.79,5.5,0.79,13.35,0.52,0.26,0.79,0.79,1.83,4.19,47.38,0.79
부산,40대,부산역,26.6,0,6.37,4.22,1.3,2.62,3.53,1.13,25.36,0.88,1.46,1.79,0.91,1.52,4.3,17.19,0.8
부산,40대,"부전,서면역",20.92,0,5.27,2.04,0.68,1.87,10.71,0.51,14.12,0.68,1.36,2.38,0.85,1.87,4.25,30.95,1.53
부산,40대,서면역,16.6,0,4.26,2.51,1.13,1.46,6.72,0.56,15.43,1.02,0.75,1.27,1.04,1.77,4.49,39.74,1.29
부산,40대,센텀시티,22.33,0,4.31,2.96,1.42,2.67,6.87,0.89,17.49,1.18,0.85,1.67,0.78,1.71,4.99,28.99,0.89
부산,40대,송도해수욕장,15.67,0,7.59,3.44,2.48,2.64,5.12,1.28,19.1,0.88,1.52,1.36,1.36,1.92,5.28,29.58,0.8
부산,40대,송정,16.48,0,9.08,2.76,1.46,2.08,9.74,0.6,18.07,1.01,0.92,1.84,1.11,1.61,5.37,27.3,0.58
부산,40대,수영만,26.06,0,7.59,3.39,2.31,3.39,4.03,1.51,24.47,1.67,1.77,2.8,1.26,1.9,4.64,12.75,0.46
부산,40대,안데르센동화마을,3.79,0,3.79,0.86,1.23,0.53,45.86,0.21,7.54,0.8,0.91,1.23,1.34,2.83,13.31,15.23,0.53
부산,40대,영도상권,14.34,0,5.1,3.04,0.97,0.49,8.02,0.85,19.08,1.46,0.73,1.94,0.73,2.43,5.35,33.54,1.94
부산,40대,용두산.중앙역,20.85,0,4.13,4.32,1.73,1.92,5.67,1.34,17.58,1.92,0.77,1.54,0.86,2.5,3.46,30.16,1.25
부산,40대,을숙도,16.67,0,6.67,6.67,3.33,1.67,1.67,3.33,16.67,0,1.67,3.33,0,0,0,38.33,0
부산,40대,이기대공원,16.98,0,6.17,3.4,1.23,2.78,6.17,1.54,20.06,1.23,0.93,2.78,0.93,3.4,5.56,26.54,0.31
부산,40대,자갈치시장,16.97,0,5.32,4.86,2.15,1.7,5.43,0.57,22.85,0.79,1.92,3.05,1.13,2.38,5.43,23.64,1.81
부산,40대,태종대,15.63,0,8.45,3.51,1.44,2.87,7.18,0.8,16.91,1.44,2.07,2.39,1.75,3.19,6.06,25.68,0.64
부산,40대,해양박물관,12,0,5.5,4.5,1,2,7.5,1.5,21.5,1.5,0,4.5,1.5,0.5,5.5,30.5,0.5
부산,40대,해운대,28.48,0,8.02,4.09,2.71,2.66,3.17,1.09,26.69,1.19,1.71,2.25,1.76,1.98,4.22,9.26,0.71
부산,40대,흰여울문화마을,42.86,0,0,0,0,0,0,0,21.43,0,0,0,0,0,7.14,28.57,0
부산,50대,합계(중복제외),18.52,0,7.02,3.23,1.7,2.21,8.01,0.54,18.48,1.32,1.5,1.83,1.43,2.41,6.01,25.03,0.76
부산,50대,감천문화마을,27.78,0,11.11,0,0,5.56,5.56,0,11.11,5.56,5.56,0,0,5.56,5.56,16.67,0
부산,50대,"경성대,부경대역인근",15.22,0,4.89,1.9,0.82,1.09,8.15,0.82,14.67,1.09,1.36,1.63,0.82,2.17,7.34,36.41,1.63
부산,50대,광안리,22.14,0,7.86,3.81,1.81,2.92,4.54,0.71,22.99,1.29,1.58,2.16,1.25,2.31,5.15,18.78,0.71
부산,50대,국제시장.깡통시장,16.57,0,5.34,3.13,1.84,1.57,7.83,0.83,13.17,2.12,0.83,1.75,1.47,1.84,5.25,35.17,1.29
부산,50대,"남포동,광복동",18.69,0,6.01,3.85,1.43,1.79,5.78,0.46,18.46,1.66,1.49,2.16,1.63,2.39,5.44,27.39,1.36
부산,50대,다대포,10.16,0,8.05,2.6,1.03,1.27,6.05,0.3,10.34,1.03,1.03,1.21,1.09,2,5.51,47.55,0.79
부산,50대,대연역인근,14.67,0,4.67,3.22,1.11,1.56,8.22,0.33,16.33,1,1,1.56,1.11,3.44,5.44,35,1.33
부산,50대,동부산관광단지,13.67,0,8.18,2.21,0.74,0.74,17.43,0.65,13.67,0.82,1.39,0.9,1.15,1.47,7.53,29.13,0.33
부산,50대,렛츠런파크,5.17,0,4.16,1.69,0.79,1.46,3.6,0.22,9.44,0.34,0.67,1.46,1.46,1.24,3.71,64.04,0.56
부산,50대,미포.달맞이,23.8,0,7.93,3.06,2.46,1.5,9.38,0.6,19.35,1.02,1.56,1.56,1.08,1.14,5.05,19.47,1.02
부산,50대,범어사,6.82,0,3.41,1.07,0.21,1.07,8.53,0.21,9.17,1.28,1.49,0.85,1.28,1.28,4.69,58.21,0.43
부산,50대,보수동,15.49,0,5.24,2.28,1.59,1.37,10.48,0.91,10.93,1.14,0.46,1.37,0.46,0.91,5.01,41.69,0.68
부산,50대,부산박물관,10.29,0,5.88,1.47,1.47,0,5.88,0,11.76,2.94,1.47,0,0,0,8.82,50,0
부산,50대,부산시민공원,10.15,0,3.58,0.6,0.6,1.79,6.87,0.3,14.03,1.49,1.19,0.6,0.6,2.99,5.67,47.76,1.79
부산,50대,부산역,23.47,0,7.6,3.72,1.24,4.09,3.5,0.96,22.98,1.12,1.52,1.95,0.93,1.71,5.55,18.88,0.78
부산,50대,"부전,서면역",13.81,0,4.6,2.3,1.59,1.24,10.27,0.53,13.27,1.59,1.77,1.24,0.88,2.83,6.73,36.11,1.24
부산,50대,서면역,14.75,0,5.21,2.06,1.07,1.64,6.18,0.27,12.31,0.94,1.04,1.29,0.74,2.46,5.76,43.25,1.02
부산,50대,센텀시티,22.42,0,5.97,2.39,1.35,1.66,7.37,0.57,15.88,1.45,1.09,1.61,1.3,2.49,5.66,27.82,0.99
부산,50대,송도해수욕장,17.07,0,9.41,4.27,1.09,2.74,5.69,0.44,17.94,1.31,1.31,1.64,2.84,2.41,5.03,25.82,0.98
부산,50대,송정,15.46,0,9.45,2.81,1.34,1.85,10.76,0.42,18.56,0.99,1.95,1.12,0.93,2.14,5.84,25.68,0.7
부산,50대,수영만,27.03,0,7.52,4.05,1.86,2.79,4.51,0.64,22.38,1.9,1.75,3.19,1.68,2.58,5.01,12.64,0.47
부산,50대,안데르센동화마을,4.16,0,3.64,1.89,1.47,0.52,42.96,0.09,6.9,0.85,1.18,0.66,1.51,3.83,14.27,15.78,0.28
부산,50대,영도상권,13.47,0,4.92,3.24,1.04,1.42,7.77,0.91,13.47,1.3,1.17,1.17,1.68,4.27,7.38,35.36,1.42
부산,50대,용두산.중앙역,24.48,0,6.06,2.42,1.82,2.91,5.33,0.85,16.73,1.58,1.09,1.58,1.45,1.7,4.24,26.06,1.7
부산,50대,을숙도,9.09,0,11.36,2.27,4.55,2.27,4.55,0,11.36,0,2.27,0,2.27,4.55,6.82,38.64,0
부산,50대,이기대공원,23.73,0,7.34,1.98,1.41,0.85,6.5,0.85,18.64,1.41,1.69,2.82,1.98,1.41,4.8,24.58,0
부산,50대,자갈치시장,17.32,0,8.22,4.6,1.66,1.96,4.01,0.88,18.59,2.05,2.15,2.25,2.74,2.35,5.48,23.68,2.05
부산,50대,태종대,13.6,0,9.12,3.14,2.39,1.94,7.92,0.75,17.49,2.54,1.79,3.44,2.24,2.84,6.43,23.47,0.9
부산,50대,해양박물관,11.9,0,5.36,1.79,0.6,3.57,5.36,1.79,13.69,2.38,1.19,1.79,2.98,2.38,6.55,36.9,1.79
부산,50대,해운대,27.24,0,6.82,4.55,2.85,2.77,3.24,0.57,27.68,1.33,1.73,2.16,1.83,2.18,4.46,9.9,0.7
부산,50대,흰여울문화마을,12.5,0,0,0,0,0,0,0,37.5,0,0,0,0,0,25,25,0
부산,60대 이상,합계(중복제외),16.29,0,7.02,2.62,1.23,1.76,8.33,0.35,15.12,1.4,1.45,1.63,1.6,2.37,7.27,30.71,0.83
부산,60대 이상,감천문화마을,0,0,0,11.76,0,0,11.76,0,17.65,0,0,0,0,11.76,23.53,23.53,0
부산,60대 이상,"경성대,부경대역인근",10.57,0,4.91,1.13,2.26,1.13,4.15,0,10.57,1.51,0.38,1.51,1.51,3.77,9.81,45.66,1.13
부산,60대 이상,광안리,20.13,0,8.19,3.45,1.66,2.69,5.12,0.51,19.74,1.54,2.22,1.96,2.22,1.75,6.31,21.92,0.6
부산,60대 이상,국제시장.깡통시장,10.44,0,4.94,1.41,0.92,0.92,7.55,0.28,10.73,1.06,1.62,1.83,1.27,2.61,6.49,46.79,1.13
부산,60대 이상,"남포동,광복동",14.62,0,5.12,2.88,1.14,1.71,5.33,0.46,14.65,1.56,1.53,1.96,1.24,2.92,6.4,37.2,1.28
부산,60대 이상,다대포,11.72,0,7.72,1.33,0.42,1.33,5.05,0.07,11.16,1.26,0.49,1.05,0.63,2.32,6.6,48,0.84
부산,60대 이상,대연역인근,10.8,0,6.65,1.87,0.42,0.93,7.79,0.1,9.97,0.83,1.66,1.56,1.77,2.7,6.75,45.48,0.73
부산,60대 이상,동부산관광단지,11.26,0,8.76,1.77,0.73,2.29,14.39,0,11.68,1.77,0.83,1.77,1.77,2.29,7.09,33.06,0.52
부산,60대 이상,렛츠런파크,4.07,0,3.22,1.02,0.51,1.69,4.92,0,6.44,1.02,0.85,1.19,1.69,1.86,4.41,66.78,0.34
부산,60대 이상,미포.달맞이,20.09,0,10.89,2.94,1.06,2.07,7.63,0.38,16.83,1.38,1.19,1.69,1.25,1.94,6.38,23.28,1
부산,60대 이상,범어사,8.72,0,2.22,1.03,0.17,1.03,9.06,0.34,4.96,0.85,1.03,0.85,0.68,0.51,5.47,62.56,0.51
부산,60대 이상,보수동,7.95,0,5.54,0.99,0.43,1.14,7.39,0.14,8.38,0.85,1.28,2.13,0.71,3.41,5.11,53.41,1.14
부산,60대 이상,부산박물관,14.75,0,6.56,4.92,1.64,0,4.92,3.28,16.39,1.64,1.64,1.64,0,0,4.92,37.7,0
부산,60대 이상,부산시민공원,9.3,0,3.78,0.29,1.45,0.87,6.1,0,9.01,2.33,1.74,0.29,2.03,2.62,6.1,54.07,0
부산,60대 이상,부산역,21.26,0,7.05,3.14,0.71,2.36,3.21,0.35,19.89,1.16,1.45,2.29,1.23,1.8,6.49,26.66,0.95
부산,60대 이상,"부전,서면역",7.51,0,4.06,1.93,0.71,1.42,10.95,0.1,7.4,0.91,1.42,0.91,1.22,2.33,7.3,51.32,0.51
부산,60대 이상,서면역,10.91,0,4.05,2.14,0.84,1.01,5.34,0.2,9.73,1.13,0.79,1.18,1.32,2.05,6.05,52.24,1.01
부산,60대 이상,센텀시티,15.67,0,6.39,2.13,0.86,1.32,8.01,0.56,12.17,1.72,1.22,1.42,1.37,3.45,6.74,36.11,0.86
부산,60대 이상,송도해수욕장,15.75,0,11.33,3.31,0.83,2.21,5.52,0.28,14.09,0.97,1.66,2.35,2.35,2.76,6.77,28.73,1.1
부산,60대 이상,송정,17.49,0,9.83,1.94,1.22,1.76,9.74,0.45,15.92,1.08,1.67,1.98,1.26,1.4,6.45,27.19,0.63
부산,60대 이상,수영만,26.62,0,8.25,2.54,1.9,2.69,3.81,0.56,21.84,2.13,1.57,1.87,1.64,1.98,5.97,15.87,0.75
부산,60대 이상,안데르센동화마을,5.03,0,4.86,1.49,1.19,0.64,43.28,0,6.27,1.45,0.94,0.72,1.49,2.26,17.31,12.79,0.26
부산,60대 이상,영도상권,10.5,0,3.83,3.28,0.98,1.64,6.46,0.33,9.96,1.97,1.31,1.2,2.74,6.56,8.75,37.64,2.84
부산,60대 이상,용두산.중앙역,14.84,0,4.53,2.2,0.96,1.1,5.22,0.27,14.97,3.02,1.79,1.92,1.1,2.75,5.22,38.6,1.51
부산,60대 이상,을숙도,8.16,0,8.16,2.04,2.04,2.04,0,0,14.29,4.08,0,2.04,0,4.08,4.08,46.94,2.04
부산,60대 이상,이기대공원,16.82,0,10.37,2.76,1.84,1.61,5.53,0.23,17.05,1.15,1.15,1.38,2.53,1.84,7.14,26.96,1.61
부산,60대 이상,자갈치시장,15.43,0,6.96,3.91,0.8,1.67,5.43,0.29,14.2,2.1,2.03,1.74,1.38,2.39,6.74,33.55,1.38
부산,60대 이상,태종대,17.48,0,8.74,4.12,1.37,2,4.12,0.5,14.73,2.25,2.37,2.75,2.25,3.87,7.62,25.47,0.37
부산,60대 이상,해양박물관,9.42,0,5.24,4.71,1.05,1.05,4.19,0,10.47,2.62,2.09,2.62,3.14,7.33,3.66,39.79,2.62
부산,60대 이상,해운대,27.06,0,7.21,3.84,2.19,2.54,3.6,0.52,24.17,1.79,1.77,1.77,2.26,2.02,5.34,13.24,0.68
부산,60대 이상,흰여울문화마을,5.56,0,0,0,0,0,5.56,0,5.56,5.56,5.56,0,5.56,11.11,22.22,27.78,5.56
여수,20대,합계(중복제외),16.39,5.12,3.29,3.59,13.16,3.69,1.26,0.67,16.32,0.78,2.09,3.04,7.36,15.02,2.08,5.71,0.42
여수,20대,개도,25,25,0,0,0,0,0,0,0,0,0,25,0,0,25,0,0
여수,20대,거문도,4.92,4.92,0,14.75,8.2,1.64,9.84,1.64,3.28,1.64,1.64,0,4.92,24.59,1.64,13.11,3.28
여수,20대,게장골목,20.1,3.66,2.35,1.83,14.62,3.39,1.31,1.04,13.58,1.04,2.61,2.61,5.22,18.8,1.31,6.01,0.52
여수,20대,경도,17.11,3.95,2.63,7.89,13.16,6.58,2.63,0,15.79,2.63,1.32,2.63,6.58,13.16,2.63,1.32,0
여수,20대,금오도,15.63,6.25,12.5,0,9.38,0,0,0,12.5,0,0,0,6.25,28.13,0,9.38,0
여수,20대,대두라도,0,11.11,0,0,22.22,0,0,0,11.11,0,0,0,0,55.56,0,0,0
여수,20대,대여자도,0,0,0,0,20,0,0,0,0,0,0,0,0,80,0,0,0
여수,20대,돌산도,12.53,5.07,3.65,4.55,17.81,3.33,1.85,0.74,14.32,0.69,1.59,3.59,6.82,15.17,1.96,5.92,0.42
여수,20대,돌산우두리,16.16,5.93,3.99,3.17,14.38,3.28,1.34,0.6,17.52,0.76,2,3.17,7.41,11.62,2.07,6.43,0.19
여수,20대,백야도,19.67,3.28,0,0,19.67,3.28,1.64,3.28,18.03,1.64,1.64,1.64,3.28,21.31,1.64,0,0
여수,20대,소호항,17.57,3.94,2.48,2.05,14.29,3.07,0.97,0.43,14.82,0.65,1.73,2.1,5.55,23.72,1.73,4.53,0.38
여수,20대,손죽도,33.33,33.33,0,0,0,0,0,0,0,0,0,0,0,33.33,0,0,0
여수,20대,여서동사거리,13.3,5.37,2.5,2.93,15.37,2.93,1.27,0.25,11.85,0.59,1.85,2.72,6.02,24.48,2.19,5.68,0.71
여수,20대,여수엑스포,17.86,5.33,3.3,3.91,9.91,4.73,1.37,0.7,18.47,1.01,2.54,4.12,7.52,9.3,2.62,6.76,0.55
여수,20대,여수여객터미널,19.22,4.52,3.01,4.54,10.95,4.06,1.08,0.83,18.78,0.77,2.19,2.9,7.58,12.54,1.7,4.83,0.52
여수,20대,웅천못공원,20.55,4.79,2.05,1.37,19.18,1.37,0.68,0,12.33,1.37,1.37,2.05,4.79,21.23,1.37,5.48,0
여수,20대,월호도,0,10,0,0,30,0,0,10,20,0,0,0,0,20,0,10,0
여수,20대,이순신마리나,13.09,3.53,1.88,1.94,17.57,1.98,0.96,0.36,9.85,0.3,1.12,1.68,6.03,34.01,1.32,3.92,0.46
여수,20대,"종포공원,낭만포차거리",17.88,5.02,3.85,4.03,10.35,4.19,1.2,0.8,17.68,1.06,2.59,3.01,9.07,11.38,2.45,5,0.44
여수,20대,초도,0,0,50,0,0,0,0,0,50,0,0,0,0,0,0,0,0
여수,20대,해상케이블카.오동도,18.24,5.41,3.2,3.72,9.5,4.74,1.48,0.73,18.86,1.23,2.61,3.84,7.79,9.19,2.63,6.31,0.5
여수,20대,해양레일바이크,14.86,5.41,1.35,2.7,9.46,9.46,0,0,16.22,0,2.7,4.05,9.46,17.57,1.35,5.41,0
여수,20대,향일암,19.36,5.26,4.43,4.15,11.07,3.87,1.24,1.11,21.72,0.69,3.04,4.01,4.15,7.88,2.63,5.12,0.28
여수,20대,화태도,0,14.29,0,0,14.29,0,0,14.29,28.57,0,0,0,0,14.29,0,14.29,0
여수,30대,합계(중복제외),17.26,5.21,3.29,3.4,12.07,3.38,1.57,1.16,17.28,0.77,2.17,3.76,6.09,13.19,2.05,6.99,0.37
여수,30대,개도,0,0,0,0,33.33,0,0,0,0,0,0,0,33.33,33.33,0,0,0
여수,30대,거문도,14.81,7.41,0,0,11.11,7.41,0,0,18.52,7.41,3.7,0,0,22.22,0,7.41,0
여수,30대,게장골목,22.11,4.77,1.01,2.26,12.81,3.27,1.76,0.5,15.08,1.26,1.51,3.27,5.53,19.1,0.75,4.27,0.75
여수,30대,경도,26.26,2.02,1.01,3.03,11.11,8.08,1.01,1.01,21.21,1.01,0,3.03,6.06,14.14,1.01,0,0
여수,30대,금오도,24.24,0,0,0,15.15,6.06,0,0,24.24,0,3.03,3.03,3.03,18.18,0,3.03,0
여수,30대,대두라도,8.33,0,0,0,41.67,16.67,0,0,16.67,0,0,0,0,16.67,0,0,0
여수,30대,대여자도,0,0,0,0,50,0,0,0,25,0,0,0,0,25,0,0,0
여수,30대,돌산도,15.34,5.16,3.42,3.42,15.06,3.07,0.91,1.6,17.92,0.28,1.26,4.53,5.16,15.62,2.02,5.02,0.21
여수,30대,돌산우두리,16.9,6.25,4.07,3.68,11.99,3.49,1.61,1.26,18.69,0.64,2.36,3.4,6.04,10.22,1.93,7.31,0.16
여수,30대,백야도,12.5,6.94,5.56,5.56,16.67,2.78,1.39,2.78,6.94,0,1.39,4.17,6.94,15.28,4.17,6.94,0
여수,30대,소호항,16.95,4.67,1.72,3.02,12.56,3.02,1.51,0.82,14.96,0.82,1.85,3.57,4.26,22.79,2.13,4.74,0.62
여수,30대,손죽도,0,0,0,0,0,0,0,0,0,50,0,0,0,0,0,50,0
여수,30대,여서동사거리,16.11,4.45,2,2.95,12.66,2.4,1.05,0.45,15.86,0.85,2.3,3.15,3.95,24.41,1.35,5.4,0.65
여수,30대,여수엑스포,15.62,4.9,4.07,3.03,12.83,3.76,1.99,1.32,15.36,0.75,2.41,4.01,8.17,9.04,2.35,10.09,0.32
여수,30대,여수여객터미널,22.53,5.88,2.63,3.75,9.18,3.56,1.57,1.06,20.72,0.82,2.1,4.41,4.41,10.21,1.78,4.95,0.43
여수,30대,웅천못공원,15.06,4.22,0,3.01,19.28,1.81,0,3.61,15.66,1.2,2.41,3.01,2.41,22.29,1.81,3.61,0.6
여수,30대,월호도,15.38,0,0,0,38.46,23.08,0,0,7.69,0,0,0,0,15.38,0,0,0
여수,30대,이순신마리나,14.72,3.47,1.81,3.42,14.62,1.76,1.05,0.5,12.46,0.95,1,2.31,3.92,31.49,1.46,4.52,0.55
여수,30대,"종포공원,낭만포차거리",20.11,4.9,2.73,4.53,9,3.35,1.71,1.45,20.11,1.02,2.56,4.17,6.24,9.5,2.83,5.46,0.33
여수,30대,초도,0,0,0,0,0,0,0,0,50,0,0,0,0,50,0,0,0
여수,30대,해상케이블카.오동도,16.9,4.99,3.98,3.06,12.48,3.72,2.06,1.31,16.34,0.77,2.44,3.93,7.82,8.2,2.29,9.39,0.32
여수,30대,해양레일바이크,8.7,8.7,0,8.7,13.04,0,2.17,2.17,19.57,2.17,2.17,4.35,8.7,10.87,2.17,6.52,0
여수,30대,향일암,17.66,7.62,2.8,2.67,8.64,5.72,0.76,1.02,20.84,1.52,2.03,3.3,6.48,11.82,1.78,5.21,0.13
여수,30대,화태도,25,0,0,0,41.67,25,0,0,0,0,0,0,0,8.33,0,0,0
여수,40대,합계(중복제외),14.75,5.09,3.44,3.78,10.24,3.61,1.59,1.15,20.25,1,2.13,3.38,6.3,13.79,2.08,6.92,0.5
여수,40대,개도,0,50,0,50,0,0,0,0,0,0,0,0,0,0,0,0,0
여수,40대,거문도,6,6,2,0,10,6,2,0,14,2,2,4,8,24,2,12,0
여수,40대,게장골목,14.54,5.36,1.79,3.57,10.71,3.32,1.02,0.77,19.64,0.51,1.79,3.57,7.4,17.09,2.04,6.12,0.77
여수,40대,경도,16.3,2.17,8.7,3.26,17.39,1.09,0,1.09,18.48,1.09,1.09,3.26,7.61,5.43,4.35,6.52,2.17
여수,40대,금오도,15.38,5.13,5.13,0,12.82,5.13,0,0,28.21,0,2.56,0,2.56,15.38,0,7.69,0
여수,40대,대두라도,13.04,0,0,4.35,8.7,0,4.35,0,17.39,4.35,0,4.35,8.7,30.43,0,4.35,0
여수,40대,대여자도,0,33.33,0,0,0,0,0,0,33.33,0,0,0,0,33.33,0,0,0
여수,40대,돌산도,12.25,4.71,3.49,4.05,13.2,3.58,1.32,0.85,21.87,1.13,2.45,2.83,5.75,15.83,1.41,5,0.28
여수,40대,돌산우두리,16.65,6.45,3.83,3.85,10.12,4.01,1.93,1.21,21.35,0.82,2.47,3.42,5.91,9.43,1.64,6.47,0.44
여수,40대,백야도,20,10,0,0,13.33,0,0,0,13.33,0,3.33,0,6.67,30,0,3.33,0
여수,40대,소호항,15.1,3.91,2.26,3.18,11.25,3.79,1.53,0.61,19.5,0.61,0.98,2.63,4.58,21.82,1.34,5.93,0.98
여수,40대,손죽도,0,0,0,0,0,0,0,0,50,0,0,0,0,25,0,25,0
여수,40대,여서동사거리,11.97,5.06,1.69,3.16,10.44,1.32,1.74,1.16,16.67,1.21,1.21,2.11,4.96,26.64,1.64,7.81,1.21
여수,40대,여수엑스포,16.05,4.84,4.34,3.69,10.44,4.16,1.61,1.48,19.76,0.87,2.29,3.4,8.09,7.85,2.2,8.57,0.35
여수,40대,여수여객터미널,17.26,4.29,3.67,3.86,7.96,4.01,1.56,1.15,20.75,1.15,2.05,3.98,5.91,13.22,2.36,6.03,0.78
여수,40대,웅천못공원,14.63,3.25,1.63,4.07,9.76,3.25,0.81,3.25,20.33,0.81,0,0.81,4.07,23.58,4.88,4.07,0.81
여수,40대,월호도,8.33,0,4.17,8.33,8.33,0,4.17,0,8.33,0,0,4.17,8.33,41.67,0,4.17,0
여수,40대,이순신마리나,12.19,3.53,2.15,2.63,13.87,2.39,0.54,0.66,14.47,0.72,1.43,1.43,5.68,31.38,1.43,4.9,0.6
여수,40대,"종포공원,낭만포차거리",14.06,4.98,3.73,5.44,8.33,4.48,1.26,1.59,23.94,1.8,3.01,5.4,5.82,7.2,2.39,6.28,0.29
여수,40대,초도,0,50,0,0,0,0,0,0,0,0,0,0,0,0,0,0,50
여수,40대,해상케이블카.오동도,16.75,4.57,4.2,3.66,10.44,4.03,1.61,1.57,21.24,0.93,2.23,3.45,7.69,7.03,2.21,8.13,0.23
여수,40대,해양레일바이크,20,16.67,3.33,6.67,13.33,0,0,0,13.33,0,6.67,3.33,3.33,3.33,6.67,3.33,0
여수,40대,향일암,14.57,7.74,3.92,3.52,6.83,3.92,1.51,0.8,20.8,1.31,2.21,4.02,6.53,11.06,3.42,7.34,0.5
여수,40대,화태도,12.5,0,0,6.25,6.25,0,6.25,0,6.25,0,0,6.25,12.5,37.5,0,6.25,0
여수,50대,합계(중복제외),16.49,4.91,3.47,4.16,8.5,3.07,1.68,0.6,20.78,1.28,2.24,2.95,5.51,14.14,2.7,6.93,0.6
여수,50대,개도,0,50,0,0,0,0,0,0,25,0,0,0,0,25,0,0,0
여수,50대,거문도,4.65,9.3,2.33,4.65,11.63,0,0,2.33,20.93,2.33,2.33,0,2.33,20.93,0,11.63,4.65
여수,50대,게장골목,15.97,6.94,2.08,2.78,7.99,1.39,1.39,0.35,19.79,1.04,2.08,2.08,4.17,19.1,3.13,8.68,1.04
여수,50대,경도,24.05,7.59,3.8,7.59,1.27,6.33,1.27,1.27,25.32,0,2.53,3.8,3.8,5.06,3.8,2.53,0
여수,50대,금오도,12.5,5,5,2.5,7.5,5,2.5,0,20,2.5,2.5,2.5,0,15,0,17.5,0
여수,50대,대두라도,5.26,5.26,0,5.26,5.26,0,0,0,21.05,0,0,15.79,5.26,26.32,5.26,5.26,0
여수,50대,대여자도,14.29,0,0,0,0,0,0,0,14.29,0,0,0,0,57.14,0,14.29,0
여수,50대,돌산도,11.35,5.44,4.04,3.58,11.35,2.49,1.56,0,18.82,1.56,2.8,2.95,5.91,18.66,2.18,6.84,0.47
여수,50대,돌산우두리,18.06,5.69,4.34,3.45,7.7,3.36,1.45,0.75,23.57,0.89,2.43,3.5,4.85,9.89,3.03,6.53,0.51
여수,50대,백야도,25,5,0,0,10,0,0,0,15,0,0,5,0,40,0,0,0
여수,50대,소호항,17.73,3.95,1.94,2.91,9.9,3.24,2.01,0.71,17.48,0.84,1.75,2.52,3.95,22.59,2.65,5.11,0.71
여수,50대,손죽도,22.22,11.11,0,0,11.11,0,0,0,22.22,0,0,0,0,33.33,0,0,0
여수,50대,여서동사거리,12.56,4.55,1.67,3.52,10.26,1.79,1.21,0.52,13.72,0.58,1.15,1.96,5.48,27.61,2.07,9.74,1.61
여수,50대,여수엑스포,19.73,4.29,3.31,4.62,7.63,3.44,1.79,0.61,23.65,1.79,2.55,3.31,5.69,8.18,2.58,6.35,0.46
여수,50대,여수여객터미널,15.06,4.89,3.63,4.86,7.38,3.18,1.65,0.57,20.73,1.23,2.04,3.03,6.27,15.54,2.82,6.45,0.69
여수,50대,웅천못공원,9.35,1.87,3.74,5.61,7.48,2.8,2.8,0,16.82,1.87,1.87,2.8,8.41,27.1,0.93,6.54,0
여수,50대,월호도,5.26,0,0,0,5.26,5.26,0,0,15.79,0,0,15.79,10.53,31.58,0,10.53,0
여수,50대,이순신마리나,13.44,3.98,1.66,3.49,14.85,2.49,1.58,0.25,13.28,0.83,1.24,1.91,6.14,27.14,1.91,5.48,0.33
여수,50대,"종포공원,낭만포차거리",16.34,5.08,5.25,5.3,5.96,3.17,2.24,0.93,24.59,2.13,3.39,3.5,5.25,6.12,3.33,7.05,0.38
여수,50대,초도,0,20,20,0,0,0,0,0,20,0,0,0,0,40,0,0,0
여수,50대,해상케이블카.오동도,20.8,4.37,3.65,4.81,7.2,3.74,1.73,0.66,23.8,1.81,2.5,3.11,5.52,7.14,2.75,6.1,0.3
여수,50대,해양레일바이크,12,4,8,4,12,8,4,0,16,0,4,4,8,12,0,4,0
여수,50대,향일암,17.41,7,3.68,3.86,7.27,2.87,1.53,0.45,23.34,1.26,2.42,3.41,6.1,8.62,2.96,7.27,0.54
여수,50대,화태도,20,0,0,0,0,10,0,0,0,0,0,20,20,20,0,10,0
여수,60대 이상,합계(중복제외),19.21,6.07,3.28,3.58,7.73,3.03,1.13,0.56,18.27,1.57,2.1,2.79,6.57,14.84,2.44,6.39,0.45
여수,60대 이상,개도,28.57,0,0,0,14.29,0,0,0,14.29,0,0,0,0,28.57,14.29,0,0
여수,60대 이상,거문도,12.33,23.29,1.37,4.11,8.22,5.48,0,0,12.33,0,1.37,2.74,5.48,10.96,1.37,9.59,1.37
여수,60대 이상,게장골목,17.15,6.07,4.22,3.17,8.44,2.37,0.26,0,18.73,1.32,1.06,1.85,6.6,20.32,2.11,5.01,1.32
여수,60대 이상,경도,26.98,6.35,4.76,6.35,0,6.35,1.59,0,19.05,0,3.17,1.59,1.59,12.7,3.17,6.35,0
여수,60대 이상,금오도,25,13.33,1.67,1.67,8.33,3.33,0,0,20,5,0,1.67,6.67,6.67,0,6.67,0
여수,60대 이상,대두라도,12,12,0,0,12,4,0,0,12,4,0,0,4,28,0,12,0
여수,60대 이상,대여자도,0,25,0,0,25,0,0,0,0,0,0,0,25,25,0,0,0
여수,60대 이상,돌산도,14.31,7.23,4.52,2.86,9.79,4.37,0.9,0.6,14.46,1.96,3.31,2.56,6.02,16.11,2.71,7.83,0.45
여수,60대 이상,돌산우두리,20.94,6.55,3.94,3.78,9,3.52,1.44,0.85,19.07,1.86,2.02,2.98,5.01,11.4,2.02,5.38,0.21
여수,60대 이상,백야도,29.03,9.68,3.23,3.23,3.23,0,0,0,19.35,0,3.23,3.23,9.68,9.68,3.23,3.23,0
여수,60대 이상,소호항,19.03,4.36,2.54,3.73,8.25,1.98,1.43,0.63,18.4,1.74,1.67,2.62,6.34,20.78,1.74,4.44,0.32
여수,60대 이상,손죽도,12.5,12.5,0,0,6.25,0,0,0,25,0,6.25,0,6.25,31.25,0,0,0
여수,60대 이상,여서동사거리,15.29,6.54,1.93,3.99,8.68,1.45,0.96,0.14,12.19,1.03,1.31,1.58,5.58,25,1.86,11.43,1.03
여수,60대 이상,여수엑스포,24.61,5.66,3.28,3.34,7.14,3.64,0.75,0.63,21.39,1.93,2.41,3.07,5.69,7.44,3.31,5.33,0.36
여수,60대 이상,여수여객터미널,18.54,5.6,3.05,3.98,6.46,2.85,1.11,0.4,18.12,1.22,2.04,3.12,8.1,16.55,2.35,6,0.51
